16.83,-86.16,-4.16,0,375
16.03,-85.96,-3.59,0,371
15.00,-85.77,-2.97,0,366
13.52,-85.58,-2.01,0,368
12.37,-85.33,-1.08,0,369
10.72,-84.91,0.06,0,367
9.56,-84.43,1.50,0,368
8.33,-83.74,3.13,0,365
6.93,-82.75,5.23,0,366
4.46,-82.15,7.48,0,366
1.98,-81.58,9.13,0,364
-0.27,-81.26,9.08,0,361
-6.69,-82.09,7.68,0,363
-8.63,-80.88,5.48,0,367
-8.79,-80.24,3.36,0,367
-8.60,-79.96,2.17,0,368
-8.05,-80.35,1.40,0,367
-8.28,-80.83,1.44,0,365
-8.13,-81.26,1.00,0,357
-7.83,-81.83,0.21,0,364
-5.18,-82.51,-0.51,0,365
-3.24,-83.13,-1.41,0,368
-2.03,-83.23,-1.88,0,375
-1.28,-83.19,-1.98,0,372
-0.92,-83.20,-1.71,0,370
-0.43,-82.99,-1.61,0,368
-0.30,-82.74,-1.39,0,367
-0.71,-82.30,-1.13,0,364
-1.93,-81.69,-0.63,0,366
-3.23,-81.52,-0.06,0,369
-3.11,-81.33,0.34,0,364
-3.60,-81.28,0.78,0,366
-3.70,-81.33,1.10,0,365
-2.83,-81.43,1.29,0,362
-2.12,-81.51,1.44,0,366
-1.82,-81.71,1.64,0,367
-1.29,-82.10,1.60,0,364
-0.59,-82.59,1.65,0,366
0.16,-82.83,0.97,0,362
1.31,-83.26,0.22,0,366
2.86,-83.83,-0.76,0,374
4.13,-84.34,-1.55,0,370
5.05,-84.87,-2.55,0,374
5.55,-85.05,-3.46,0,398
6.02,-85.31,-4.32,0,386
6.22,-85.15,-4.41,0,401
6.06,-85.41,-5.04,0,490
6.64,-85.07,-5.63,0,584
6.74,-84.88,-4.92,0,634
6.36,-85.37,-5.08,0,771
6.91,-84.86,-5.24,0,581
6.82,-84.40,-4.81,0,863
6.72,-84.49,-4.94,7,916
7.04,-84.23,-4.98,7,734
6.54,-83.63,-4.85,0,922
5.93,-83.48,-4.36,0,799
5.80,-83.14,-4.13,0,851
6.02,-82.56,-3.91,0,733
6.14,-82.50,-3.75,0,778
6.35,-82.32,-3.29,0,693
6.70,-82.55,-3.08,0,766
7.28,-82.89,-3.41,0,970
8.02,-82.11,-4.28,0,952
8.88,-81.13,-5.19,0,800
9.20,-80.70,-5.84,0,939
9.50,-80.34,-6.47,0,898
9.51,-80.15,-6.39,0,782
9.41,-80.02,-5.59,0,605
8.47,-80.44,-3.99,0,579
8.23,-80.53,-2.18,0,547
7.61,-81.23,0.08,0,568
6.64,-81.62,2.62,0,447
5.95,-81.62,5.21,0,471
4.98,-81.36,6.45,0,457
4.55,-81.04,6.38,0,413
4.30,-80.69,6.66,0,413
3.95,-80.72,7.12,0,405
3.88,-80.85,7.46,0,384
3.96,-80.99,7.57,0,384
4.01,-81.08,7.70,0,380
4.31,-81.19,7.87,0,382
4.79,-81.53,7.81,0,377
5.08,-81.60,7.38,0,376
5.75,-81.64,6.36,0,377
7.98,-81.72,4.43,0,382
9.42,-81.59,2.78,0,379
11.72,-81.55,1.83,0,375
12.41,-82.03,0.60,0,386
11.40,-83.23,0.13,0,377
11.85,-82.37,-0.82,0,396
11.67,-82.41,-2.18,0,431
12.57,-82.35,-2.69,0,451
12.74,-81.75,-3.20,0,620
13.17,-81.44,-3.38,0,648
13.61,-81.47,-3.05,0,979
13.69,-80.96,-3.19,0,896
13.37,-80.66,-3.17,0,823
13.14,-80.43,-2.44,0,887
13.35,-80.20,-2.32,0,892
13.22,-80.35,-2.17,0,778
13.08,-79.93,-1.93,0,986
13.13,-79.82,-1.76,0,1023
13.41,-79.70,-1.65,0,974
13.74,-79.51,-1.45,0,907
13.74,-79.73,-1.20,0,886
14.15,-79.31,-1.30,0,791
14.49,-78.89,-1.46,0,1012
15.21,-78.86,-1.71,0,1023
15.34,-78.21,-1.76,0,1023
15.25,-77.99,-1.65,0,962
15.22,-77.28,-1.64,0,938
15.20,-77.30,-1.28,0,751
14.81,-77.43,-0.09,0,674
15.21,-77.58,1.34,0,713
14.85,-78.19,3.81,0,624
14.29,-79.00,5.89,0,547
12.39,-79.63,8.97,0,508
9.78,-80.05,11.68,0,508
8.81,-79.84,12.87,0,460
10.45,-79.03,12.23,0,428
8.88,-78.89,12.02,0,393
7.94,-78.79,12.17,0,393
8.43,-78.80,12.14,0,382
9.12,-79.08,12.09,0,382
8.62,-79.28,12.14,0,378
8.52,-79.45,12.13,0,379
8.75,-79.79,12.08,0,373
8.59,-80.19,12.06,0,373
8.81,-80.43,11.94,0,379
9.12,-80.70,11.92,0,377
9.16,-81.08,11.79,0,388
9.01,-81.45,11.57,0,379
8.84,-81.36,10.76,0,380
8.92,-81.24,9.56,0,375
9.95,-81.16,8.36,0,373
11.22,-80.83,6.73,0,388
12.34,-80.77,5.12,0,389
14.42,-81.42,3.65,0,388
16.15,-80.86,3.14,0,407
15.75,-81.23,2.00,0,428
16.06,-82.12,1.09,0,436
16.36,-82.28,1.32,0,589
15.86,-82.91,0.04,0,528
15.86,-82.66,-0.82,0,524
16.11,-81.95,-1.66,0,556
16.74,-82.28,-2.55,0,680
16.73,-82.04,-2.48,0,561
16.57,-82.19,-2.74,0,878
16.24,-81.94,-2.96,0,632
16.05,-81.55,-2.53,0,795
16.08,-81.31,-2.48,0,829
16.26,-81.00,-2.17,0,641
16.44,-80.67,-1.84,0,606
16.34,-80.68,-1.47,0,764
16.33,-80.51,-1.35,0,851
16.50,-80.52,-1.26,0,965
16.42,-80.19,-1.20,0,876
16.39,-79.51,-1.18,0,1023
16.76,-79.33,-1.06,0,1023
16.62,-79.44,-0.75,0,843
16.88,-79.59,-0.70,0,852
16.92,-79.48,-0.21,0,930
17.02,-79.41,0.83,0,691
16.71,-79.59,2.35,0,646
15.67,-79.97,4.03,0,633
14.89,-80.26,5.96,0,541
14.19,-80.91,8.23,0,524
13.27,-81.01,11.06,0,456
11.76,-81.24,13.52,0,433
10.82,-81.30,14.55,0,434
11.81,-80.49,13.79,0,411
9.98,-80.13,13.43,0,389
9.47,-79.78,13.30,0,379
10.12,-79.73,13.07,0,372
9.88,-79.84,12.90,0,378
9.37,-80.03,12.69,0,378
9.40,-80.16,12.55,0,376
9.47,-80.32,12.43,0,378
9.57,-80.56,12.23,0,378
9.59,-80.81,12.04,0,381
9.60,-81.02,11.92,0,381
9.65,-81.34,11.81,0,378
9.80,-81.62,11.67,0,380
9.92,-81.94,11.56,0,371
10.03,-81.92,11.02,0,378
10.01,-81.30,9.70,0,386
9.35,-80.42,7.63,0,379
10.77,-79.56,5.34,0,375
12.31,-79.68,3.67,0,382
13.94,-79.96,2.31,0,417
14.36,-80.52,0.89,0,412
16.01,-80.56,-0.52,0,407
17.94,-79.54,-1.50,0,476
18.52,-79.89,-1.70,0,592
18.04,-80.88,-0.89,0,518
17.49,-81.43,-1.40,0,487
17.98,-81.15,-1.54,0,522
18.86,-81.65,-1.93,0,626
19.12,-81.67,-1.98,0,669
18.34,-81.91,-1.23,0,720
18.12,-82.13,-1.23,0,671
18.10,-81.95,-1.12,0,724
17.97,-81.72,-1.08,0,908
18.17,-81.59,-1.07,0,1023
18.34,-81.12,-1.07,0,1006
18.17,-80.96,-0.91,0,1023
18.28,-80.88,-0.95,0,1023
18.39,-80.67,-0.93,0,1023
18.47,-80.41,-1.05,0,1023
18.76,-80.53,-1.31,0,967
18.81,-80.19,-1.68,0,984
19.18,-79.96,-1.65,0,945
19.29,-79.80,-0.71,0,885
19.48,-80.06,0.48,0,781
18.41,-80.24,2.98,0,706
18.37,-80.26,5.09,0,545
16.65,-81.21,8.27,0,513
15.36,-81.09,11.26,0,456
13.79,-81.12,13.46,0,414
14.19,-80.50,13.68,0,418
14.44,-79.79,13.15,0,394
13.01,-79.77,13.15,0,372
12.63,-79.65,13.01,0,380
12.69,-79.74,12.81,0,377
12.35,-79.89,12.78,0,372
11.99,-80.13,12.56,0,378
11.60,-80.19,12.49,0,380
11.60,-80.39,12.34,0,380
11.48,-80.54,12.19,0,380
11.59,-80.71,12.01,0,385
11.68,-80.97,11.84,0,374
11.68,-81.28,11.80,0,373
11.81,-81.65,11.63,0,388
12.08,-81.78,11.32,0,379
11.48,-81.74,10.43,0,376
11.78,-80.90,8.66,0,396
13.19,-80.02,6.46,0,412
15.93,-79.29,4.43,0,467
17.01,-79.15,3.34,0,424
18.29,-80.07,2.36,0,436
18.61,-80.82,1.67,0,412
18.84,-81.17,1.96,0,464
18.07,-81.49,0.73,0,535
19.04,-81.54,-0.32,0,520
18.97,-81.93,-1.08,0,585
18.41,-82.58,-2.19,0,539
18.35,-82.68,-3.26,0,570
18.80,-82.69,-3.65,0,757
19.60,-82.36,-3.81,0,1010
19.39,-82.07,-3.63,0,902
19.18,-81.84,-3.43,0,1018
19.23,-81.73,-3.41,0,978
19.93,-81.12,-3.40,0,911
19.54,-80.81,-3.25,0,1023
19.40,-80.69,-3.41,0,1023
19.44,-80.44,-3.37,0,993
19.60,-80.07,-3.37,0,1021
19.70,-79.92,-3.40,0,781
19.83,-79.64,-3.44,0,957
19.94,-79.80,-3.40,0,919
20.40,-79.46,-3.66,0,859
20.64,-79.05,-3.38,0,915
20.98,-78.92,-3.01,0,940
20.44,-79.07,-1.63,0,792
19.98,-79.60,0.55,0,703
19.32,-80.11,3.24,0,635
18.22,-80.65,6.16,0,626
16.81,-81.34,9.02,0,491
14.51,-81.74,12.00,0,452
13.18,-81.78,14.21,0,412
13.18,-81.45,14.76,0,398
12.80,-81.01,14.47,0,387
11.03,-80.51,14.28,0,371
10.51,-79.99,14.02,0,374
10.57,-79.81,13.89,0,373
10.36,-79.86,13.88,0,370
10.31,-80.02,13.70,0,374
10.54,-80.16,13.54,0,374
10.38,-80.50,13.39,0,375
10.81,-80.80,13.12,0,374
12.01,-81.30,12.81,0,373
12.35,-81.73,12.57,0,373
12.84,-82.08,12.38,0,373
13.38,-82.48,12.21,0,372
13.23,-82.83,12.09,0,373
12.79,-83.09,12.04,0,372
12.59,-83.35,11.89,0,372
12.39,-83.55,11.70,0,371
12.14,-83.71,11.49,0,370
11.85,-83.84,11.31,0,369
11.59,-83.97,11.13,0,369
11.09,-84.08,10.89,0,367
10.27,-84.16,10.49,0,365
10.12,-84.26,10.21,0,365
11.05,-84.58,9.75,0,365
11.53,-85.07,9.45,0,366
12.15,-85.48,8.94,0,367
12.98,-85.78,8.45,0,369
13.95,-86.11,8.13,0,369
16.40,-86.36,7.84,0,369
18.08,-86.84,7.62,0,372
19.32,-87.04,7.23,0,373
20.19,-87.15,6.83,0,374
20.77,-87.20,6.48,0,373
21.50,-87.20,6.06,0,373
21.69,-87.19,5.57,0,372
21.59,-87.12,5.17,0,372
21.45,-87.11,4.84,0,372
21.09,-87.10,4.64,0,371
20.49,-87.07,4.47,0,371
20.07,-87.03,4.40,0,369
19.77,-87.04,4.31,0,369
19.52,-87.01,4.22,0,371
19.31,-87.10,4.13,0,370
19.22,-87.18,4.04,0,371
19.19,-87.21,3.95,0,368
19.13,-87.21,3.87,0,368
19.08,-87.25,3.83,0,369
19.02,-87.25,3.74,0,369
18.98,-87.29,3.70,0,367
18.81,-87.29,3.68,0,369
18.69,-87.31,3.70,0,366
18.50,-87.39,3.64,0,367
18.26,-87.41,3.61,0,366
18.03,-87.44,3.58,0,366
17.75,-87.47,3.54,0,367
17.58,-87.49,3.47,0,368
17.42,-87.51,3.37,0,367
17.32,-87.53,3.30,0,366
17.17,-87.48,3.22,0,366
17.03,-87.54,3.14,0,366
16.88,-87.62,3.06,0,366
16.79,-87.68,2.99,0,365
16.70,-87.70,2.91,0,365
16.68,-87.65,2.83,0,366
16.60,-87.65,2.76,0,366
16.57,-87.61,2.70,0,365
16.44,-87.61,2.63,0,365
16.31,-87.63,2.56,0,365
16.24,-87.63,2.51,0,365
16.11,-87.58,2.44,0,365
15.99,-87.54,2.44,0,365
15.88,-87.54,2.37,0,364
15.76,-87.50,2.32,0,364
15.65,-87.50,2.27,0,365
15.49,-87.51,2.21,0,364
15.38,-87.52,2.15,0,364
15.27,-87.53,2.10,0,365
15.16,-87.55,2.04,0,364
15.06,-87.55,1.99,0,364
14.97,-87.55,1.99,0,364
14.87,-87.57,1.93,0,364
14.77,-87.57,1.88,0,364
14.74,-87.52,1.84,0,365
14.63,-87.54,1.78,0,366
14.59,-87.55,1.79,0,365
14.56,-87.50,1.74,0,365
14.53,-87.50,1.69,0,364
14.43,-87.53,1.65,0,365
14.40,-87.53,1.62,0,365
14.25,-87.55,1.58,0,365
14.22,-87.56,1.54,0,365
14.14,-87.57,1.50,0,365
14.11,-87.57,1.51,0,365
14.03,-87.63,1.47,0,366
13.96,-87.58,1.49,0,365
13.88,-87.64,1.45,0,366
13.82,-87.63,1.41,0,365
13.79,-87.64,1.43,0,365
13.77,-87.65,1.40,0,366
13.70,-87.66,1.41,0,365
13.62,-87.67,1.38,0,365
13.61,-87.68,1.41,0,367
13.60,-87.67,1.36,0,366
13.53,-87.67,1.38,0,365
13.46,-87.63,1.39,0,365
13.39,-87.64,1.40,0,365
13.32,-87.65,1.36,0,366
13.30,-87.66,1.39,0,366
13.30,-87.66,1.35,0,366
13.28,-87.67,1.37,0,365
13.27,-87.67,1.33,0,366
13.20,-87.68,1.34,0,366
13.20,-87.69,1.29,0,366
13.14,-87.69,1.26,0,366
13.07,-87.70,1.22,0,366
12.96,-87.71,1.24,0,365
12.96,-87.65,1.26,0,367
12.89,-87.67,1.22,0,366
12.88,-87.63,1.20,0,366
12.82,-87.64,1.15,0,366
12.76,-87.65,1.12,0,367
12.76,-87.61,1.09,0,366
12.77,-87.61,1.07,0,366
12.71,-87.62,1.09,0,365
