7.94,-90.48,5.91,0,367
7.99,-90.46,5.75,0,367
7.96,-90.42,5.54,0,368
8.15,-90.41,5.11,0,368
8.22,-90.48,4.80,0,369
8.31,-90.65,4.81,0,367
8.95,-91.06,4.44,0,369
9.09,-91.67,3.88,0,368
9.61,-92.27,3.24,0,365
10.00,-92.96,3.07,0,364
11.04,-93.70,3.07,0,364
13.08,-94.31,2.41,0,365
13.36,-94.76,1.64,0,365
14.26,-95.07,1.00,0,366
14.83,-95.67,0.80,0,369
14.86,-96.11,0.80,0,368
14.90,-96.38,0.79,0,367
14.67,-96.79,0.95,0,368
14.52,-96.98,1.03,0,369
14.33,-96.84,1.16,0,371
14.16,-96.45,1.27,0,367
14.42,-96.07,1.60,0,373
13.95,-95.41,1.93,0,371
13.52,-94.74,1.97,0,374
13.00,-94.12,1.89,0,373
12.83,-93.14,1.90,0,373
15.27,-91.29,2.07,0,372
19.43,-88.76,1.99,0,372
23.15,-86.05,1.58,0,369
24.05,-84.44,1.54,0,367
24.04,-83.57,1.59,0,367
24.29,-82.99,1.62,0,367
24.94,-82.62,1.77,0,366
25.50,-82.59,2.07,0,366
25.99,-82.70,2.16,0,364
24.66,-83.30,1.91,0,364
22.77,-84.50,1.91,0,363
24.36,-84.80,0.92,0,358
25.04,-85.43,-0.06,0,357
26.12,-86.01,-0.81,0,358
27.66,-86.72,-1.40,0,363
28.22,-87.42,-1.59,0,366
28.54,-88.14,-1.71,0,367
29.18,-88.82,-1.87,0,368
29.11,-89.32,-1.87,0,367
28.89,-89.52,-1.88,0,368
28.83,-89.74,-1.77,0,368
29.04,-89.77,-1.81,0,370
29.20,-89.62,-1.51,0,369
28.83,-89.54,-0.83,0,367
28.38,-89.24,0.20,0,366
28.12,-88.98,1.41,0,368
27.59,-88.41,2.85,0,365
25.89,-88.38,4.85,0,365
24.53,-88.34,6.64,0,361
23.47,-88.23,7.86,0,361
22.94,-88.15,8.55,0,365
22.33,-88.05,7.32,0,368
20.39,-88.23,5.65,0,369
20.48,-87.61,3.52,0,370
20.41,-87.05,1.72,0,373
20.37,-86.23,0.19,0,373
20.04,-86.00,-0.36,0,370
19.41,-85.92,-0.50,0,366
18.98,-86.24,-0.03,0,362
17.53,-86.78,0.36,0,360
17.97,-86.80,-0.01,0,359
17.96,-87.09,-0.46,0,359
18.99,-87.10,-1.08,0,363
19.42,-87.32,-1.65,0,363
19.85,-87.60,-2.23,0,364
20.07,-88.01,-2.62,0,363
20.48,-88.37,-2.87,0,363
21.26,-88.79,-3.06,0,361
22.22,-89.08,-3.31,0,363
23.40,-89.37,-3.63,0,361
24.18,-89.31,-3.82,0,363
24.22,-89.25,-3.76,0,368
23.83,-89.17,-3.52,0,365
23.52,-89.02,-3.30,0,364
23.47,-88.72,-2.90,0,366
23.15,-88.32,-2.62,0,365
22.26,-87.74,-1.96,0,364
21.66,-86.67,-1.14,0,367
19.84,-85.85,0.23,0,366
17.76,-85.24,1.75,0,366
16.18,-84.62,3.27,0,363
14.65,-84.09,4.58,0,365
13.29,-83.56,5.32,0,366
12.84,-83.54,5.31,0,367
9.93,-84.62,4.38,0,371
7.39,-85.48,3.01,0,374
6.83,-85.82,1.01,0,375
6.98,-86.09,-0.58,0,371
8.66,-86.96,-1.63,0,371
9.01,-87.44,-1.57,0,366
8.27,-87.18,-0.77,0,361
7.74,-87.38,-0.95,0,357
8.11,-87.52,-0.91,0,360
9.30,-87.52,-1.28,0,362
10.09,-87.82,-1.64,0,362
11.07,-87.84,-2.03,0,364
11.84,-88.02,-2.31,0,363
13.12,-88.06,-2.64,0,365
14.34,-88.53,-2.81,0,368
15.17,-88.76,-3.12,0,365
15.65,-88.59,-3.30,0,365
15.45,-88.43,-3.16,0,368
15.43,-88.29,-2.98,0,363
15.28,-88.01,-2.83,0,363
15.16,-87.53,-2.44,0,366
14.78,-86.99,-2.01,0,367
13.96,-86.23,-1.42,0,369
12.98,-85.36,-0.55,0,366
11.52,-84.71,0.51,0,368
9.54,-84.07,1.96,0,368
8.12,-83.54,3.40,0,366
6.97,-83.05,4.73,0,363
5.78,-82.57,6.07,0,363
5.10,-82.52,6.96,0,365
2.04,-83.39,7.10,0,368
-1.69,-84.07,6.45,0,367
-2.93,-84.24,5.15,0,368
-2.73,-83.93,4.24,0,368
-3.01,-84.17,5.41,0,367
-3.85,-83.83,5.64,0,366
-5.38,-84.01,6.10,0,365
-4.69,-83.95,6.06,0,364
-4.15,-84.08,5.96,0,366
-3.63,-84.15,5.87,0,365
-3.64,-84.22,5.84,0,366
-3.20,-84.27,5.73,0,367
-2.41,-84.51,5.49,0,372
-2.18,-84.67,5.48,0,374
-1.84,-84.77,5.48,0,373
-1.70,-84.87,5.45,0,370
-1.49,-84.93,5.36,0,368
-1.43,-84.96,5.42,0,368
-1.21,-85.02,5.40,0,368
-1.22,-85.07,5.50,0,367
-1.64,-85.12,5.86,0,367
-2.21,-85.13,6.26,0,367
-2.72,-85.15,6.51,0,366
-2.76,-85.13,6.49,0,365
-2.28,-85.11,6.29,0,364
-1.91,-85.12,6.13,0,365
-1.21,-85.10,5.84,0,364
-0.67,-85.44,5.01,0,365
-0.28,-85.93,3.34,0,366
-3.69,-87.71,2.19,0,367
-6.74,-89.47,0.38,0,365
-6.46,-90.59,-1.64,0,364
-6.07,-90.77,-0.48,0,362
-1.55,-89.03,-1.28,0,358
-2.76,-89.20,-0.45,0,363
-0.76,-88.87,-0.43,0,365
-1.05,-88.97,-0.50,0,368
-0.35,-88.70,-0.46,0,366
-0.48,-88.57,-0.00,0,366
-1.31,-88.48,0.79,0,367
-1.66,-88.37,1.54,0,364
-1.42,-87.76,2.19,0,367
-1.43,-87.00,3.09,0,365
-2.19,-86.04,4.07,0,369
-3.75,-85.05,5.39,0,366
-4.78,-84.22,6.37,0,364
-5.39,-83.36,6.66,0,360
-5.20,-82.86,7.05,0,367
-6.58,-84.23,6.53,0,370
-9.79,-85.73,5.72,0,374
-10.51,-85.86,4.26,0,374
-10.79,-86.27,2.67,0,374
-10.20,-86.31,1.42,0,370
-11.47,-87.23,1.97,0,366
-9.21,-86.49,2.08,0,364
-8.97,-86.91,1.79,0,360
-8.50,-86.93,1.64,0,358
-7.24,-86.95,1.18,0,358
-6.69,-87.29,0.85,0,362
-4.81,-87.23,0.34,0,365
-3.40,-87.67,0.11,0,368
-2.87,-87.79,-0.59,0,369
-2.80,-87.68,-1.02,0,366
-3.08,-87.36,-1.19,0,365
-2.38,-86.76,-1.39,0,367
-2.18,-86.29,-1.47,0,364
-2.69,-86.06,-1.91,0,363
-3.57,-85.33,-2.63,0,363
-4.37,-84.75,-3.10,0,365
-4.00,-84.35,-3.08,0,373
-3.80,-83.95,-2.29,0,382
-4.42,-83.92,-0.77,0,375
-5.62,-83.88,0.61,0,369
-6.57,-83.81,1.99,0,368
-5.92,-83.49,2.55,0,374
-5.42,-83.51,2.72,0,369
-5.06,-83.71,2.82,0,368
-4.88,-84.14,2.87,0,367
-4.76,-84.18,2.82,0,367
-4.55,-84.22,3.01,0,365
-4.61,-84.39,3.08,0,367
-4.42,-84.65,3.12,0,363
-4.95,-84.88,3.20,0,362
-5.16,-84.97,3.28,0,363
-5.08,-84.97,3.37,0,360
-4.93,-85.00,3.49,0,363
-4.87,-85.09,3.78,0,366
-4.74,-85.29,3.97,0,367
-4.89,-85.40,4.26,0,363
-4.89,-85.57,4.52,0,367
-5.24,-85.71,4.92,0,366
-5.55,-85.90,5.20,0,362
-6.01,-86.05,5.60,0,363
-6.45,-86.18,6.07,0,362
-6.97,-86.23,6.32,0,363
-6.82,-86.30,6.36,0,364
-6.98,-86.51,6.52,0,367
-6.73,-86.73,6.61,0,365
-6.61,-86.92,6.78,0,367
-6.23,-87.11,6.69,0,366
-5.60,-87.25,6.61,0,367
-4.29,-87.65,6.35,0,369
-2.46,-87.74,5.82,0,370
-1.46,-87.89,5.49,0,375
-0.37,-87.67,5.20,0,374
0.10,-87.37,4.88,0,371
1.20,-86.89,4.49,0,370
2.06,-86.73,3.72,0,371
4.36,-86.47,2.43,0,370
6.14,-86.48,1.96,0,367
6.49,-86.86,1.92,0,364
7.10,-87.58,1.85,0,371
8.68,-87.98,1.76,0,375
11.67,-88.67,1.31,0,379
13.38,-89.38,0.91,0,372
13.78,-89.64,0.50,0,373
13.40,-89.53,0.22,0,372
13.25,-89.32,0.20,0,370
13.83,-89.09,-0.06,0,370
13.05,-88.87,0.13,0,369
12.06,-88.71,0.47,0,372
10.38,-88.68,0.83,0,365
8.36,-88.55,1.49,0,370
7.21,-88.43,1.92,0,368
6.17,-88.33,2.35,0,367
5.59,-88.13,2.65,0,367
5.25,-87.91,2.83,0,367
5.27,-87.55,2.99,0,366
5.30,-87.43,3.09,0,367
5.41,-87.36,3.05,0,366
5.37,-87.31,3.18,0,366
5.77,-87.32,3.10,0,368
6.10,-87.27,2.99,0,367
6.93,-87.24,2.60,0,367
7.74,-87.23,2.05,0,366
8.48,-87.13,1.41,0,367
9.56,-87.01,0.54,0,366
10.46,-86.73,-0.29,0,364
11.57,-86.53,-0.95,0,368
12.20,-86.37,-1.10,0,366
12.55,-86.26,-1.06,0,363
11.96,-86.17,-0.89,0,365
10.41,-86.14,-0.94,0,368
10.57,-85.26,-1.51,0,367
10.25,-84.95,-1.76,5,365
10.19,-84.82,-1.52,34,366
9.54,-85.00,-0.56,59,363
9.41,-85.83,0.97,78,371
8.72,-86.59,2.94,96,371
9.56,-87.27,4.28,183,370
10.44,-87.20,4.64,160,369
11.20,-86.52,4.49,163,365
11.46,-86.21,4.26,129,371
11.50,-86.26,4.15,101,379
11.28,-86.49,4.23,53,372
11.52,-86.70,4.28,37,370
11.91,-86.50,4.09,18,369
14.73,-86.32,2.64,12,365
14.36,-85.76,1.38,14,364
16.86,-84.52,-0.24,26,365
14.43,-85.12,-0.95,0,365
14.50,-85.63,-1.63,0,368
17.05,-85.24,-1.91,0,365
15.77,-85.25,-0.50,0,367
16.22,-85.28,-0.30,0,368
15.49,-85.22,-0.19,0,361
15.01,-84.67,0.01,0,363
14.45,-84.52,-0.07,0,362
13.90,-84.14,-0.48,0,356
13.20,-84.34,-1.33,0,355
12.50,-84.20,-1.67,14,362
12.92,-84.17,-1.47,42,363
13.32,-84.44,-0.74,106,365
12.49,-85.42,1.54,140,372
11.71,-86.83,4.35,151,380
10.76,-87.28,6.05,173,418
11.59,-86.55,6.18,219,421
11.48,-85.90,5.89,220,438
10.96,-85.82,5.61,177,451
11.16,-85.97,5.71,112,439
11.59,-86.17,6.02,96,421
12.03,-86.10,6.17,64,410
13.28,-86.10,5.66,22,387
13.47,-86.02,5.21,45,379
14.40,-85.52,4.49,83,370
15.26,-85.04,3.38,36,374
14.66,-85.56,2.75,43,376
13.97,-85.61,2.53,13,367
12.53,-86.25,3.43,0,373
13.80,-87.00,3.53,0,367
14.16,-87.08,4.03,0,370
14.66,-87.76,4.17,0,370
14.93,-87.67,4.40,0,366
14.71,-87.86,4.54,0,370
14.74,-87.80,4.55,0,366
14.79,-87.87,4.56,0,368
14.63,-87.78,4.46,0,365
14.36,-87.52,4.39,0,368
14.23,-87.41,4.19,0,365
14.05,-87.15,4.01,0,366
13.74,-86.97,3.70,0,364
13.35,-86.49,3.37,0,364
13.05,-86.02,2.48,0,368
12.23,-85.83,1.63,46,365
9.96,-85.17,1.28,61,366
9.00,-84.75,1.87,76,364
8.51,-84.74,2.85,85,367
7.32,-85.39,4.82,99,389
6.01,-86.48,6.93,150,406
6.51,-86.88,7.95,172,402
8.00,-85.89,7.88,195,421
9.18,-85.19,7.35,147,408
8.17,-84.96,7.14,139,383
8.40,-85.05,6.90,106,387
8.53,-85.31,7.02,112,384
8.99,-85.31,7.13,131,379
9.24,-85.41,7.11,99,393
8.71,-85.77,7.23,44,380
9.87,-85.43,6.74,44,373
8.71,-85.20,6.55,47,368
11.38,-84.71,5.38,65,367
10.22,-84.21,4.70,40,366
11.01,-83.73,3.42,17,365
11.94,-83.57,2.38,7,366
11.75,-84.42,2.38,0,365
11.31,-85.64,3.21,0,368
13.39,-85.66,3.31,0,365
12.57,-86.11,4.21,0,364
13.00,-86.42,4.37,0,366
13.83,-86.64,4.41,0,366
14.26,-86.64,4.52,0,362
14.53,-86.63,4.59,0,362
14.60,-86.60,4.49,0,365
14.69,-86.45,4.41,0,365
14.38,-86.38,4.40,0,366
14.23,-86.31,4.24,0,367
14.22,-85.95,4.01,0,366
13.80,-85.63,3.53,0,367
13.02,-85.35,2.85,0,370
11.90,-84.95,2.36,32,367
9.99,-84.71,2.40,66,362
8.89,-84.77,3.37,62,368
7.56,-85.74,4.90,81,411
6.63,-87.31,7.01,115,424
7.33,-87.42,8.11,158,448
9.85,-86.33,7.76,193,497
11.04,-85.72,7.02,202,464
10.74,-85.64,6.53,169,457
9.71,-85.62,6.65,135,410
9.22,-86.21,6.77,136,412
9.27,-86.04,6.84,110,424
10.41,-85.59,6.80,119,475
10.91,-85.78,6.76,118,450
9.82,-86.02,6.98,90,410
9.75,-86.44,7.00,45,384
10.80,-86.07,6.52,7,375
11.09,-86.50,5.66,6,370
12.20,-85.71,4.56,26,370
15.49,-84.36,2.54,8,367
17.46,-83.16,1.05,58,367
16.03,-83.67,1.00,0,367
14.82,-83.46,2.14,0,369
14.43,-84.27,3.34,0,362
14.26,-85.21,4.14,0,362
14.71,-85.52,4.23,0,365
14.45,-85.41,4.64,0,362
14.30,-85.47,4.77,0,362
14.15,-85.48,4.82,0,360
14.53,-85.43,4.86,0,365
14.36,-85.52,4.76,0,363
13.99,-85.43,4.67,0,368
13.78,-85.33,4.47,0,367
13.54,-85.06,4.24,0,365
12.82,-84.76,4.04,0,365
12.57,-84.15,3.59,0,367
12.68,-83.50,3.35,29,368
13.04,-83.55,3.75,180,423
12.58,-84.10,5.16,147,412
11.40,-85.79,7.23,153,419
11.20,-85.88,8.86,181,460
12.10,-84.95,8.84,158,459
12.68,-84.15,7.79,175,444
13.15,-84.05,6.81,128,488
12.42,-84.24,6.92,127,434
11.95,-84.32,7.29,90,444
12.12,-84.27,7.49,126,430
12.64,-84.07,7.56,114,457
12.86,-83.95,7.51,115,437
12.93,-84.22,7.57,83,406
13.11,-84.63,7.71,62,387
13.59,-84.87,7.54,16,379
15.80,-84.27,7.12,20,381
15.09,-83.70,6.28,19,373
15.14,-82.90,5.02,50,367
14.32,-84.25,3.93,0,366
14.24,-84.89,2.93,0,366
18.10,-84.09,3.15,0,366
14.25,-85.57,4.49,0,370
16.52,-85.78,4.50,0,361
16.14,-86.29,4.77,0,363
16.51,-86.05,5.02,0,362
16.94,-86.10,5.17,0,363
16.91,-86.13,5.14,0,363
17.22,-86.09,4.92,0,364
17.07,-86.08,4.66,0,363
16.89,-86.05,4.43,0,360
16.89,-86.11,3.94,0,362
16.74,-85.94,3.24,0,368
16.32,-85.52,2.82,0,368
15.18,-85.14,2.70,0,368
14.59,-84.77,2.09,0,367
12.93,-83.80,1.86,25,365
11.87,-83.38,2.17,70,365
11.30,-83.46,3.04,49,367
10.66,-84.25,4.62,71,370
10.23,-85.34,6.48,101,400
10.62,-85.35,7.52,158,427
11.05,-84.53,7.73,170,416
11.31,-84.00,7.31,145,429
10.80,-84.11,7.15,89,417
10.34,-84.37,7.23,95,426
10.32,-84.51,7.31,69,404
10.01,-84.84,7.43,87,390
10.32,-84.94,7.27,70,386
10.20,-85.25,7.13,66,370
11.03,-85.26,6.55,32,365
10.61,-85.52,6.19,11,368
11.64,-84.58,5.28,5,372
13.72,-83.72,3.92,5,367
12.37,-83.89,3.22,0,363
14.63,-82.93,0.96,0,364
19.72,-81.45,0.25,0,359
16.96,-82.47,1.67,0,360
18.45,-83.21,1.70,0,367
18.47,-83.44,1.97,0,362
18.32,-83.56,2.49,0,361
18.15,-83.83,2.84,0,361
17.81,-83.82,3.08,0,363
17.80,-83.97,3.07,0,360
17.66,-83.93,3.18,0,360
17.68,-83.99,3.20,0,353
17.82,-84.10,3.13,0,354
17.71,-84.08,2.96,0,356
17.65,-83.84,2.48,0,357
17.59,-83.50,2.00,0,356
17.37,-82.92,1.50,0,359
16.81,-82.30,0.77,0,356
16.23,-81.34,-0.05,62,360
15.19,-80.93,0.40,107,355
14.65,-81.12,1.07,39,362
13.85,-81.28,2.54,12,376
14.48,-82.44,4.38,73,439
15.58,-83.15,5.39,148,520
17.33,-82.87,5.38,166,611
19.14,-82.33,4.92,147,532
19.93,-82.27,4.53,110,583
20.38,-81.95,4.36,109,523
20.51,-81.93,4.52,100,507
20.94,-82.22,4.39,120,513
21.68,-81.65,4.35,148,718
20.76,-81.53,4.49,88,501
20.14,-81.86,4.50,97,467
20.21,-81.77,4.42,101,408
19.00,-81.82,4.65,87,390
18.77,-82.28,4.53,58,395
18.97,-82.18,4.61,69,391
18.57,-82.16,4.78,66,386
18.20,-82.72,4.74,44,376
18.02,-82.59,4.86,37,365
17.33,-83.01,4.80,9,370
16.89,-83.25,4.71,33,360
16.19,-83.49,4.53,0,358
16.35,-83.68,4.15,0,357
15.18,-83.72,3.59,0,355
15.81,-83.35,2.78,0,355
15.45,-82.67,2.05,13,352
15.46,-82.66,1.28,0,357
14.87,-82.95,0.59,0,363
17.44,-82.54,0.06,0,364
16.10,-82.77,0.59,0,355
15.83,-83.40,1.37,0,361
16.20,-83.82,1.32,0,352
16.32,-83.64,1.70,0,354
16.28,-83.80,2.10,0,354
16.17,-84.02,2.82,0,371
15.93,-84.31,3.80,0,363
17.10,-84.52,4.35,0,379
17.13,-84.77,4.29,0,365
17.34,-84.76,3.95,0,361
16.49,-84.89,3.82,0,359
15.24,-84.64,3.09,0,366
14.86,-84.44,2.02,0,357
13.51,-83.59,2.14,52,367
9.63,-83.92,2.82,75,381
7.56,-84.10,4.15,69,386
6.55,-85.01,6.21,134,374
6.81,-85.81,7.90,121,418
7.96,-85.79,8.28,134,420
9.03,-84.81,8.52,177,453
8.47,-84.61,8.03,151,425
7.11,-84.65,7.92,109,415
6.64,-84.70,8.24,99,389
7.24,-84.76,8.31,58,397
6.92,-85.19,8.51,57,395
7.26,-85.19,8.53,30,388
7.40,-85.14,8.86,38,373
7.13,-85.07,9.00,12,374
8.74,-85.00,8.07,4,366
7.40,-84.63,7.57,41,365
9.94,-84.01,6.16,0,369
10.00,-83.70,5.21,0,369
12.54,-83.87,5.83,0,369
12.85,-84.49,5.26,0,362
12.72,-84.65,6.11,0,358
13.99,-85.33,6.17,0,360
15.07,-85.34,6.15,0,355
14.81,-85.65,6.38,0,356
14.71,-85.65,6.24,0,357
14.99,-85.59,5.98,0,357
15.19,-85.49,5.58,0,358
14.71,-85.32,5.27,0,360
14.70,-85.18,4.70,0,356
14.68,-84.95,3.69,0,356
13.22,-84.73,3.16,0,361
12.17,-84.08,2.65,59,363
10.58,-83.79,2.89,58,358
9.51,-83.81,3.54,36,371
7.92,-84.50,5.37,65,389
8.34,-85.45,7.28,113,403
7.94,-85.91,8.76,137,417
9.69,-84.81,9.31,147,397
10.02,-84.31,8.94,132,401
9.19,-84.21,8.95,135,429
8.55,-84.35,8.73,109,408
8.39,-84.60,8.69,136,400
8.55,-84.66,8.69,94,394
8.14,-84.86,8.79,39,381
8.64,-84.15,8.83,57,368
10.35,-84.08,7.87,21,366
10.02,-84.08,6.20,32,361
10.47,-83.94,4.55,40,357
10.79,-84.16,3.29,0,360
13.39,-82.81,1.56,0,360
17.14,-83.14,0.32,0,335
14.63,-83.76,1.86,0,348
17.05,-83.91,1.65,0,348
16.64,-84.04,2.01,0,346
16.73,-83.96,2.51,0,355
17.37,-83.95,3.08,0,353
17.95,-83.68,2.62,0,356
18.21,-83.56,2.15,0,360
18.29,-83.37,1.35,0,357
17.67,-83.39,1.05,0,355
14.69,-84.13,0.32,0,353
14.67,-83.86,-0.21,0,354
13.59,-83.76,-0.31,10,357
13.16,-83.34,-0.16,0,357
12.93,-82.86,0.37,15,364
11.41,-83.21,1.90,59,363
11.47,-83.68,3.50,123,420
10.90,-84.68,5.29,143,428
10.84,-84.33,6.02,156,568
11.55,-83.48,6.04,147,624
11.49,-83.22,5.52,165,517
10.96,-83.24,5.48,132,522
11.20,-83.21,5.86,117,492
12.10,-83.21,5.93,140,612
11.41,-83.54,6.18,128,498
11.87,-83.64,6.32,93,462
12.27,-84.04,6.26,37,440
13.85,-84.51,5.67,54,383
12.33,-83.96,5.71,3,357
12.09,-83.02,4.62,0,353
13.48,-82.20,1.97,0,357
12.78,-83.25,1.27,0,360
16.56,-82.23,0.53,0,360
18.12,-82.65,0.96,0,340
17.06,-83.65,2.17,0,349
18.23,-84.30,2.56,0,348
17.93,-84.67,3.14,0,349
17.30,-84.78,3.84,0,350
17.63,-85.15,3.86,0,353
17.27,-85.35,4.19,0,353
17.48,-85.36,4.36,0,354
16.62,-85.48,4.66,0,354
15.55,-85.76,4.90,0,355
14.74,-86.06,4.99,0,355
13.83,-86.23,5.20,0,354
13.15,-86.28,5.30,0,352
12.73,-86.28,5.39,0,354
12.57,-86.32,5.47,0,354
12.37,-86.43,5.45,0,354
12.17,-86.51,5.46,0,354
12.09,-86.63,5.40,0,355
12.07,-86.68,5.33,0,354
11.88,-86.75,5.22,0,353
11.80,-86.81,5.18,0,353
11.86,-86.85,5.07,0,354
11.92,-86.88,4.95,0,353
11.92,-86.91,4.84,0,355
12.09,-86.94,4.75,0,355
12.27,-86.95,4.68,0,355
12.21,-87.04,4.59,0,355
12.20,-87.08,4.51,0,356
12.06,-87.14,4.48,0,357
12.07,-87.22,4.45,0,356
12.02,-87.25,4.36,0,355
11.99,-87.25,4.27,0,350
12.08,-87.24,4.21,0,349
12.20,-87.24,4.15,0,351
12.23,-87.25,4.12,0,341
12.46,-87.24,4.06,0,342
12.52,-87.26,4.03,0,343
12.61,-87.25,3.95,0,339
12.58,-87.19,3.92,0,338
12.46,-87.17,3.86,0,317
12.30,-86.94,3.44,0,290
12.40,-86.49,2.35,0,293
12.64,-85.70,0.62,0,305
13.13,-84.97,-1.56,0,301
12.14,-85.09,-2.43,0,318
12.93,-86.18,-0.30,0,334
14.84,-87.74,3.23,0,341
17.57,-89.01,7.14,0,333
20.55,-90.38,11.24,0,313
23.85,-91.45,13.95,0,302
25.32,-92.23,13.34,0,318
27.65,-91.06,9.60,0,319
27.51,-90.90,7.33,0,321
28.57,-90.98,3.76,0,338
31.25,-90.70,0.47,0,347
31.81,-90.77,-1.06,0,353
32.26,-91.02,-2.20,0,351
32.35,-90.93,-3.10,0,357
32.44,-90.80,-3.90,0,357
32.07,-90.43,-4.89,0,357
31.73,-89.91,-5.27,0,360
31.46,-89.68,-5.52,0,361
30.86,-89.43,-5.54,0,360
30.77,-88.98,-5.60,0,361
30.60,-88.77,-5.65,0,360
30.22,-88.55,-5.59,0,360
29.87,-88.31,-5.53,0,360
29.72,-88.05,-5.41,0,360
29.40,-87.88,-5.27,0,358
29.11,-87.72,-5.21,0,357
28.90,-87.55,-5.13,0,359
28.70,-87.43,-5.00,0,356
28.44,-87.33,-4.89,0,358
28.16,-87.25,-4.78,0,359
27.98,-87.23,-4.66,0,358
27.74,-87.13,-4.59,0,359
27.51,-87.03,-4.47,0,357
27.23,-86.97,-4.35,0,358
26.82,-86.95,-4.13,0,360
26.42,-87.04,-3.98,0,364
25.93,-87.16,-3.83,0,362
25.72,-87.06,-3.75,0,360
25.50,-87.03,-3.65,0,360
25.17,-87.07,-3.53,0,359
24.92,-87.03,-3.45,0,359
24.73,-86.99,-3.37,0,360
24.53,-86.96,-3.35,0,358
24.36,-86.87,-3.30,0,359
24.14,-86.76,-3.22,0,359
23.91,-86.73,-3.15,0,361
23.86,-86.63,-3.12,0,360
23.73,-86.56,-3.08,0,360
23.57,-86.48,-3.00,0,360
23.34,-86.41,-2.91,0,359
23.29,-86.34,-2.87,0,361
23.01,-86.27,-2.79,0,360
22.86,-86.20,-2.77,0,362
22.88,-86.12,-2.73,0,359
22.72,-86.06,-2.70,0,360
22.52,-85.98,-2.67,0,362
22.38,-85.97,-2.58,0,363
22.18,-85.97,-2.48,0,361
21.93,-85.96,-2.41,0,362
21.76,-85.99,-2.39,0,363
21.56,-85.98,-2.32,0,362
