-69.670000
-61.100000
49.000000
31.000000
-103.760000
75.420000
16.930000
121.570000
-69.490000
-61.540000
48.000000
30.000000
-104.290000
74.830000
16.960000
121.320000
-69.330000
-61.980000
49.000000
31.000000
-103.620000
75.340000
16.990000
121.010000
-69.150000
-62.410000
49.000000
31.000000
-103.280000
76.000000
17.020000
121.030000
-69.130000
-61.580000
48.000000
31.000000
-103.100000
75.400000
17.040000
121.190000
-67.870000
-60.680000
48.000000
31.000000
-102.470000
75.910000
17.070000
120.890000
-67.730000
-60.030000
48.000000
30.000000
-101.960000
75.320000
17.090000
120.730000
-67.640000
-60.520000
49.000000
30.000000
-101.540000
74.730000
18.310000
120.620000
-68.780000
-60.970000
48.000000
31.000000
-100.970000
75.270000
18.310000
120.360000
-68.630000
-61.420000
48.000000
30.000000
-100.910000
74.680000
18.310000
120.620000
-67.370000
-61.860000
48.000000
31.000000
-100.840000
74.110000
18.310000
120.850000
-67.510000
-60.920000
48.000000
31.000000
-101.470000
73.540000
18.310000
121.790000
-69.680000
-61.370000
48.000000
30.000000
-100.970000
74.130000
18.310000
121.580000
-70.700000
-61.810000
48.000000
